[{"scene_id": 0, "image_id": 0, "category_id": 1, "bbox": [156, 46, 59, 50], "score": 0.008917397819459438, "time": 0.0, "segmentation": {"counts": [74949, 5, 471, 12, 466, 16, 462, 20, 459, 22, 457, 24, 454, 28, 451, 30, 449, 32, 447, 34, 446, 34, 445, 36, 443, 38, 441, 40, 440, 40, 439, 42, 438, 42, 437, 44, 436, 44, 435, 46, 434, 46, 433, 48, 432, 48, 432, 48, 432, 49, 430, 50, 430, 50, 430, 50, 430, 51, 429, 51, 429, 51, 429, 51, 429, 51, 429, 51, 429, 51, 429, 50, 430, 50, 430, 50, 430, 50, 430, 50, 430, 49, 431, 49, 431, 49, 431, 48, 432, 48, 433, 46, 434, 45, 435, 45, 436, 43, 438, 41, 439, 40, 441, 38, 442, 37, 444, 35, 446, 33, 448, 30, 451, 27, 455, 23, 458, 18, 465, 12, 203928], "size": [480, 640]}, "R": [[-0.5873903036117554, 0.369047611951828, -0.7202610373497009], [0.4779415726661682, 0.8763895034790039, 0.05927272140979767], [0.653103768825531, -0.30942654609680176, -0.6911662220954895]], "t": [-304.2557373046875, -377.74847412109375, 1195.46044921875]}, {"scene_id": 0, "image_id": 0, "category_id": 1, "bbox": [337, 302, 57, 44], "score": 0.18407869338989258, "time": 0.0, "segmentation": {"counts": [162081, 10, 467, 15, 458, 24, 454, 27, 452, 29, 451, 30, 449, 32, 448, 32, 448, 33, 447, 34, 446, 34, 446, 35, 446, 35, 445, 35, 444, 37, 443, 37, 442, 39, 440, 40, 439, 42, 438, 42, 437, 43, 437, 43, 437, 44, 436, 44, 436, 44, 436, 44, 435, 45, 436, 44, 436, 44, 436, 44, 436, 44, 437, 43, 437, 43, 438, 42, 438, 41, 439, 41, 440, 40, 440, 40, 441, 39, 441, 39, 443, 36, 445, 35, 446, 34, 447, 32, 450, 30, 450, 30, 451, 28, 452, 28, 453, 26, 454, 26, 454, 25, 456, 23, 457, 22, 458, 21, 460, 18, 462, 17, 464, 15, 466, 11, 117749], "size": [480, 640]}, "R": [[-0.46058616042137146, 0.4507090449333191, -0.764671802520752], [0.7941563129425049, -0.1755371391773224, -0.5818103551864624], [-0.3964548707008362, -0.8752419948577881, -0.27708375453948975]], "t": [29.663806915283203, 105.63803100585938, 1018.84033203125]}, {"scene_id": 0, "image_id": 0, "category_id": 1, "bbox": [122, 119, 44, 55], "score": 0.22492332756519318, "time": 0.0, "segmentation": {"counts": [58697, 5, 472, 11, 466, 16, 462, 19, 460, 21, 458, 23, 456, 25, 454, 26, 453, 28, 451, 29, 451, 30, 449, 32, 448, 33, 447, 33, 446, 35, 445, 36, 444, 37, 442, 38, 442, 39, 441, 40, 440, 41, 438, 43, 437, 45, 435, 46, 434, 49, 431, 52, 428, 54, 427, 54, 426, 54, 426, 54, 426, 55, 426, 54, 426, 53, 428, 52, 428, 52, 429, 51, 429, 51, 430, 49, 432, 48, 432, 47, 435, 45, 437, 42, 441, 38, 446, 33, 452, 26, 227353], "size": [480, 640]}, "R": [[-0.2366480678319931, -0.9713162183761597, 0.023306362330913544], [0.9200101494789124, -0.2163066565990448, 0.32679271697998047], [-0.3123776912689209, 0.09877683967351913, 0.9448087811470032]], "t": [-360.9917907714844, -184.56143188476562, 1251.684326171875]}, {"scene_id": 0, "image_id": 0, "category_id": 1, "bbox": [376, 227, 59, 89], "score": 0.6898190379142761, "time": 0.0, "segmentation": {"counts": [180758, 16, 451, 31, 440, 42, 3, 8, 423, 58, 417, 64, 412, 69, 408, 73, 405, 76, 402, 79, 400, 80, 399, 81, 399, 82, 397, 83, 396, 84, 396, 84, 396, 84, 395, 86, 394, 86, 393, 87, 393, 86, 394, 86, 394, 85, 395, 84, 396, 84, 396, 82, 398, 81, 399, 81, 399, 80, 400, 80, 400, 80, 400, 80, 401, 79, 401, 79, 401, 79, 401, 79, 402, 77, 402, 78, 402, 78, 401, 79, 399, 80, 399, 81, 399, 80, 400, 79, 401, 79, 401, 78, 402, 77, 404, 5, 1, 70, 411, 67, 415, 64, 416, 63, 418, 61, 420, 58, 423, 55, 426, 51, 430, 45, 436, 36, 446, 31, 450, 28, 457, 20, 467, 11, 98131], "size": [480, 640]}, "R": [[0.9493558406829834, 0.31061431765556335, -0.047346439212560654], [0.2519630789756775, -0.842635989189148, -0.47589820623397827], [-0.18771660327911377, 0.43986743688583374, -0.8782251477241516]], "t": [136.1281280517578, 44.8980827331543, 970.6085815429688]}, {"scene_id": 0, "image_id": 0, "category_id": 1, "bbox": [345, 128, 56, 61], "score": 0.30704280734062195, "time": 0.0, "segmentation": {"counts": [165739, 6, 473, 9, 469, 13, 466, 16, 462, 20, 459, 23, 456, 25, 455, 27, 452, 30, 450, 31, 448, 34, 446, 35, 445, 37, 443, 38, 441, 40, 440, 42, 438, 43, 437, 45, 435, 46, 434, 48, 432, 49, 431, 52, 428, 53, 427, 55, 425, 57, 424, 57, 424, 57, 425, 56, 425, 56, 425, 56, 425, 55, 426, 54, 426, 48, 433, 44, 437, 41, 439, 40, 441, 38, 443, 36, 445, 34, 448, 31, 451, 28, 453, 26, 456, 24, 457, 22, 460, 20, 461, 19, 462, 17, 464, 15, 466, 14, 467, 13, 468, 11, 470, 10, 470, 10, 471, 9, 472, 8, 473, 7, 475, 5, 114552], "size": [480, 640]}, "R": [[-0.8502107262611389, -0.4068511426448822, 0.3340866267681122], [-0.08214280009269714, 0.7293641567230225, 0.6791759729385376], [-0.5199946165084839, 0.5500000715255737, -0.6535329818725586]], "t": [111.51490020751953, -119.6777572631836, 989.7196655273438]}, {"scene_id": 0, "image_id": 0, "category_id": 1, "bbox": [376, 183, 59, 133], "score": 0.5527464151382446, "time": 0.0, "segmentation": {"counts": [180758, 16, 451, 30, 9, 3, 428, 42, 3, 10, 422, 59, 415, 66, 410, 71, 407, 74, 404, 76, 402, 79, 400, 80, 399, 59, 1, 22, 398, 82, 397, 83, 396, 85, 394, 86, 394, 86, 394, 86, 394, 86, 393, 87, 393, 87, 393, 86, 394, 85, 395, 85, 395, 84, 396, 83, 397, 82, 398, 81, 399, 77, 403, 77, 403, 79, 401, 80, 401, 79, 401, 79, 401, 79, 353, 7, 41, 78, 354, 7, 41, 78, 358, 3, 41, 78, 402, 78, 401, 78, 370, 1, 30, 79, 369, 3, 28, 80, 399, 80, 400, 79, 401, 79, 401, 78, 402, 78, 403, 76, 406, 2, 3, 68, 414, 65, 415, 63, 418, 61, 420, 59, 422, 55, 425, 53, 429, 47, 434, 37, 445, 31, 451, 26, 458, 20, 467, 11, 98131], "size": [480, 640]}, "R": [[0.9544343948364258, 0.29473012685775757, -0.04679831117391586], [0.2378157079219818, -0.845921516418457, -0.47734808921813965], [-0.180276557803154, 0.4444679915904999, -0.8774673938751221]], "t": [135.78163146972656, 45.03851318359375, 970.7854614257812]}]